NOC,Gold,Silver,Bronze,Total,Year
NOR,13,5,7,25,2002
GER,12,16,8,36,2002
USA,10,13,11,34,2002
CAN,7,3,7,17,2002
RUS,5,4,4,13,2002
FRA,4,5,2,11,2002
ITA,4,4,5,13,2002
FIN,4,2,1,7,2002
NED,3,5,0,8,2002
AUT,3,4,10,17,2002
SUI,3,2,6,11,2002
CRO,3,1,0,4,2002
CHN,2,2,4,8,2002
KOR,2,2,0,4,2002
AUS,2,0,0,2,2002
CZE,1,2,0,3,2002
EST,1,1,1,3,2002
GBR,1,0,1,2,2002
SWE,0,2,5,7,2002
BUL,0,1,2,3,2002
POL,0,1,1,2,2002
JPN,0,1,1,2,2002
BLR,0,0,1,1,2002
SLO,0,0,1,1,2002
